126537134428863,
		89540528501714,
		123510863016742,
		
		131654316672686,

		102127503661464,
		104532065636659,
		
		83597994551532,
		136291406277418,
		83468684627087,
		
		80225965256412,
		130672645830513,
		88946658592220,
		80259677933251,
		132431654596638,
		109184852438445,
		85145110748806,
		
		107118559676071,
		89448731217974,
		
		132120749480895,
		
		86540524095362,
		
		125357260219542,
		139832049726648,
		98952897085235,
		
		80854693838903,
		70806856648993,
		
		89214630675914,

		131433101195381,
		140106352889745,
		
		18680180715,
		
		18586539461,
		18585428890,
		18585425847,
		18585384657,
		18559829970,
		
		18171021278,
		18171014331,
		18171011021,
		18170979781,
		18170719599,
		18170599583,
		18170582244,

		18162730616,
		18162729309,
		18162727824,

		18162616373,

		18162513227,
		18162479624,
		18162452449,
		18162400740,
		
		17877340227,
		17864487249,
		17864289018,
		17864001135,
		17863975581,
		
		17417079347,
		17370996328,
		17370973704,
		17370953597,
		17369975978,
		
		17291972277,
		17291941861,
		
		17159882662,
		17159866142,
		17159856723,
		17159823428,
		17159816211,
		
		17125967673,
		17125423877,
		17125394130,
		
		17036114087,
		16841681801,
		16841697561,
		
		16700190677,
		16700086895,
			15730041931,
			15730027578,
			15729997223,
			15729985600,
			15729955665,
			15729950786,
			15729921963,
			
			15256956569,
			
			15116038667,
			15116034893,
			
			15016335999,
			15016326893,
			15016307297,
			15016294612,
			15016281264,
			15016274686,
			15016233056,
			15016223749,
			15016211309,
			15016195614,
			15016161951,
			
			14991119956,
			14991097013,
			14991078392,
			14991070726,
			
			14777156213,
			14503925667,
			14503844036,
			14503780833,
			14503745989,
			14503705474,
			14503676230,
			
			13576984186,
			13576976024,

			13495286726,
			13495248718,
			
			13441987031,
			13441967427,
			13316315797,
			13315523378,
			13315505220,

			13313434598,
			13313417194,
			13313398588,
			13313363303,
			13313264033,
			13313143289,
			13313119960,
			13313112353,
			
			13313074801,
			13313070718,
			13313016564,
			13313010789,
			13312996814,
			13312975587,
			13312939239,

			13310206075,
			13310199711,
			13310187819,

			13310159298,
			13309761859,
			13309728405,
			13309662305,
			13309640044,
			
			13303528714,
			13302999627,

			13124777825,
			13123234893,
			13123222649,
			13122808308,
			13120366471,
			
			13015432201,
			13015380477,
			13015371493,
			13015351541,
			13015343053,
			13015331032,
			13015324577,
			13015309601,
			13015300167,
			
			12916397533,
			12916382132,
			12916314396,
			
			12675127148,
			12538258135,
			
			12530268500,
			
			12172752727,
			
			11568330472,
			
			11930345724,
			11930317082,
			11930301704,
			11930240442,
			
			11852872271,
			11852630208,
			11852606528,
			11852567210,
			11852551844,
			11852489819,
			11852486613,
			
			11819141162,
			11819129849,
			11819113479,
			11819105625,
			11819093296,
			11819083687,
			11819072895,
			11819032563,
			
			11773804631,
			11773788917,
			11773787535,
			11773761910,
			
			11484090183,
			11476201349,
			11476074712,
			11476047248,
			11476043209,
			11409617333,
			11409438944,
			11383303979,
			11383259289,
			
			11383211003,
			11383169058,
			11370551613,
			11370524164,
			11370425751,
			11319016732,
			
			11276407283,
			11276262049,
			11276197029,
			11276167358,
			11276100009,
			11275802864,
			11275782763,
			11275719147,
			
			11132314910,
			11132209873,
			11132203987,
			11132140195,
			11132135570,
			
			11103371037,
			11103351028,
			11103332809,
			10793510525,
			10793275534,		   
			10793255354,
			10575111393,
			10575084944,
			10575082178,
			10575069591,
			10575064530,
			10574974117,
			10574971804,
			10574941234,
			10574923054,
			10574914717,
			10574909515,
			10574896242,
			
			10330119750,
			10330099477,
			10330073815,
			10329999944,
			10329963936,
			10324473778,
			10329829197,
			10329796876,
			
			10315025464,
			10315016688,
			10313521112,
			10313519361,
			
			10305925037,
			7029017448,
			10299315074,
			10299281513,
			
			10245984610,
			10245816707,
			10245773149,
			
			9844924774,
			9844831929,
			
			9844877838,
			9843554367,
			9843527859,
			
			9837164048,
			9837128512,
			9837072794,
			9836997362,
			9836878122,
			9836706192,
			9836658160,
			
			9790187283,
			9747480153,
			9747361044,
			9745402593,
			9744646627,
			9744617912,
			9737807404,
			9737787078,
			9737711781,
			9737692951,
			9737676815,
			9737640379,
			9713528650,
			9713502583,
			9695249856,
			9638532189,
			9623827284,
			9618346271,
			9474010430,
			9473077960,
			9471122334,
			9363166699,
			9362908987,
			9362865584,
			9362791461,
			9297109413,
			9259955614,
			9207820014,
			9207732432,
			9207650611,
			9196446446,
			9183580595,
			9183608080,
			9183660883,

			9182111439,
			9182146352,

			9181491851,
			9181153895,
			9181103228,
			9181079669,
			9181045548,
			9178185477,
			9178146636,
			9176433061,
			9181849923,
			9176313735,
			9176209403,
			9176077419,
			9175998879,
			9175914821,
			9175901076,
			9175063883,
			9174641011,
			9174963655,
			9174674388,
			9174641011,
			9173387571,
			9173363856,
			9173208646,
			4630182405,
			4869378847,
			4869755875,
			4871948421,
			4872186922,
			4913544874,
			4913571993,
			4913585129,
			4913592536,
			4913614654,
			4936876307,
			5526747770,
			5410164236,
			5298895164,
			5305205150,
			5309925170,
			5543711710,
			5543837184,
			5626688798,
			5631299285,
			5860003979,
			5914803248,
			5919788162,
			5922260822,
			5930950683,
			5926379280,
			5965937737,
			5989019729,
			5991678016,
			6005168538,
			6008291725,
			6009231362,
			6010090478,
			6012369123,
			6012784665,
			6018752872,
			6035707419,
			6040328286,
			6067830781,
			6080382055,
			6125568604,
			6167304408,
			6193636922,
			6193676575,
			6243825762,
			6244668943,
			6249504600,
			6249521120,
			6259697972,
			6268388800,
			6297892209,
			6406876484,
			6407121208,
			6652834775,
			6591276424,
			6649245552,
			6687245062,
			6809027977,
			6809035821,
			6827325268,
			6836478800,
			6867778924,
			6907571440,
			7093572727,
			7062942195,
			7994867139,
			7560776343,
			7170238258,
			7560776343,
			8866531764,
			8866566093,
			7023670701,
			563907358,
			2848300604,
			888010578,
			7029051434,
			721477744,
			7029024726,
			171325994,
			208183879,
			248221219,
			7024101188,
			1630987266,
			7024233823,
			497002954,
			716114804,
			9059483498,
